>> segments[(410, 71)]
segments
0) (0, 0):
	[[0 91 66 0] (len=4) [0 77 56 0] (len=4) ... [0 472 71 0] (len=4) [0 1236 50 0] (len=4)] (len=1330)
1) (0, 1):
	[[1 447 60 0] (len=4) [1 562 40 0] (len=4) ... [1 809 47 0] (len=4) [1 497 55 0] (len=4)] (len=876)
2) (0, 2):
	[[2 96 36 0] (len=4) [2 11 49 0] (len=4) ... [2 74 74 0] (len=4) [2 46 71 0] (len=4)] (len=129)
3) (0, 3):
	[[3 298 55 0] (len=4) [3 227 54 0] (len=4) ... [3 521 42 0] (len=4) [3 475 62 0] (len=4)] (len=546)
4) (0, 4):
	[[4 1624 99 0] (len=4) [4 1801 44 0] (len=4) ... [4 2708 49 0] (len=4) [4 1746 44 0] (len=4)] (len=3365)
5) (0, 5):
	[[5 140 41 0] (len=4) [5 122 49 0] (len=4) ... [5 783 47 0] (len=4) [5 100 57 0] (len=4)] (len=797)
6) (0, 6):
	[[6 30 52 0] (len=4) [6 28 53 0] (len=4) ... [6 57 52 0] (len=4) [6 56 39 0] (len=4)] (len=59)
7) (0, 7):
	[[7 526 48 0] (len=4) [7 290 67 0] (len=4) ... [7 18 99 0] (len=4) [7 353 54 0] (len=4)] (len=705)
8) (0, 8):
	[[8 9 55 0] (len=4) [8 226 41 0] (len=4) ... [8 132 55 0] (len=4) [8 185 53 0] (len=4)] (len=237)
9) (0, 9):
	[[9 12 56 0] (len=4) [9 0 56 0] (len=4) ... [9 6 56 0] (len=4) [9 15 56 0] (len=4)] (len=38)
10) (0, 10):
	[[10 19 46 0] (len=4) [10 11 51 0] (len=4) ... [10 12 51 0] (len=4) [10 14 50 0] (len=4)] (len=20)
11) (0, 11):
	[[11 23 56 0] (len=4) [11 164 32 0] (len=4) ... [11 395 34 0] (len=4) [11 536 38 0] (len=4)] (len=646)
12) (0, 12):
	[[12 172 42 0] (len=4) [12 212 47 0] (len=4) ... [12 40 38 0] (len=4) [12 130 32 0] (len=4)] (len=215)
13) (0, 13):
	[[13 217 52 0] (len=4) [13 102 45 0] (len=4) ... [13 194 54 0] (len=4) [13 223 45 0] (len=4)] (len=244)
14) (0, 14):
	[[14 526 61 0] (len=4) [14 348 42 0] (len=4) ... [14 260 66 0] (len=4) [14 207 22 0] (len=4)] (len=542)
15) (0, 15):
	[[15 174 55 0] (len=4) [15 147 51 0] (len=4) ... [15 154 43 0] (len=4) [15 78 28 0] (len=4)] (len=198)
16) (0, 16):
	[[16 118 40 0] (len=4) [16 635 38 0] (len=4) ... [16 469 35 0] (len=4) [16 159 54 0] (len=4)] (len=750)
17) (0, 17):
	[[17 392 33 0] (len=4) [17 517 48 0] (len=4) ... [17 203 27 0] (len=4) [17 397 32 0] (len=4)] (len=814)
18) (0, 18):
	[[18 384 43 0] (len=4) [18 162 40 0] (len=4) ... [18 451 40 0] (len=4) [18 607 47 0] (len=4)] (len=820)
19) (0, 19):
	[[19 29 37 0] (len=4) [19 40 47 0] (len=4) ... [19 70 43 0] (len=4) [19 42 41 0] (len=4)] (len=141)
20) (0, 20):
	[[20 18 34 0] (len=4) [20 764 34 0] (len=4) ... [20 486 49 0] (len=4) [20 669 26 0] (len=4)] (len=1100)
21) (0, 21):
	[[21 216 49 0] (len=4) [21 123 42 0] (len=4) ... [21 134 36 0] (len=4) [21 140 38 0] (len=4)] (len=319)
22) (0, 22):
	[[22 172 39 0] (len=4) [22 128 26 0] (len=4) ... [22 58 35 0] (len=4) [22 169 39 0] (len=4)] (len=216)
23) (0, 23):
	[[23 356 64 0] (len=4) [23 166 41 0] (len=4) ... [23 247 60 0] (len=4) [23 280 42 0] (len=4)] (len=386)
..56243)

